模型
M = β₀ + β₁T + β₂R + β₃V + β₄E + β₅D + ε

数据处理



python实现
数据集提取
变量相关性矩阵排除变量
数据归一化 消除量纲影响 Min-Max归一化	$x' = \frac{x - min(x)}{max(x) - min(x)}$
多元线性回归计算 



2012-2023年政府支出与各因素对应关系表
================================================================================

各因素对应的具体支出项目:
--------------------------------------------------
1. 人均生产总值相关支出: 教育支出 + 科技支出 + 交通运输支出
2. 常住人口相关支出: 教育支出 + 社会保障支出 + 卫生健康支出
3. 城镇化率相关支出: 城乡社区支出
4. 人口密度相关支出: 城乡社区支出 + 公共安全支出
5. 森林覆盖率相关支出: 农林水支出 + 节能环保支出
6. 城镇生活污水集中处理率相关支出: 节能环保支出 + 城乡社区支出
7. PM2.5相关支出: 节能环保支出
8. NO₂相关支出: 节能环保支出
9. SO₂相关支出: 节能环保支出
10. 地表水达标率相关支出: 节能环保支出 + 农林水支出
11. 水资源总量相关支出: 农林水支出
12. 每万元GDP水耗相关支出: 节能环保支出 + 农林水支出
13. 人均用水量相关支出: 农林水支出
14. 人均耕地面积相关支出: 农林水支出
15. 游客数量相关支出: 文化旅游支出
16. 交通指数相关支出: 交通运输支出
17. 环境指数相关支出: 节能环保支出
18. 海南省A级景区数量相关支出: 文化旅游支出

2012-2023年各因素相关支出汇总表 (单位: 万元)
========================================================================================================================
  年份  人均生产总值相关支出  常住人口相关支出  城镇化率相关支出  人口密度相关支出  森林覆盖率相关支出  城镇生活污水集中处理率相关支出  PM2.5相关支出  NO₂相关支出  SO₂相关支出  地表水达标率相关支出  水资源总量相关支出  每万元GDP水耗相关支出  人均用水量相关支出  人均耕地面积相关支出  游客数量相关支出  交通指数相关支出  环境指数相关支出  海南省A级景区数量相关支出
2012      217256    217256         0         0     107959                0          0        0        0      107959     107959        107959     107959      107959         0         0         0              0
2013      242341    242341         0         0     121514                0          0        0        0      121514     121514        121514     121514      121514         0         0         0              0
2014      272361    272361         0         0     142347                0          0        0        0      142347     142347        142347     142347      142347         0         0         0              0
2015      326709    326709         0         0     186756                0          0        0        0      186756     186756        186756     186756      186756         0         0         0              0
2016      354461    354461         0         0     207543                0          0        0        0      207543     207543        207543     207543      207543         0         0         0              0
2017      359020    359020         0         0     174101                0          0        0        0      174101     174101        174101     174101      174101         0         0         0              0
2018      284130    415283    265651    362146     277696           344970      79319    79319    79319      277696     198377        277696     198377      198377     40522     41749     79319          40522
2019      440768    470386    319610    422538     301666           403662      84052    84052    84052      301666     217614        301666     217614      217614     70144     74169     84052          70144
2020      503442    546981    321167    424565     311296           406586      85419    85419    85419      311296     225877        311296     225877      225877     83741    116066     85419          83741
2021      499282    497013    431935    533716     312346           517702      85767    85767    85767      312346     226579        312346     226579      226579     43985     98431     85767          43985
2022      575714    737368    439851    546995     302772           514262      74411    74411    74411      302772     228361        302772     228361      228361     35782    148671     74411          35782
2023      651679    744944    217333    323548     252320           240702      23369    23369    23369      252320     228951        252320     228951      228951     76906    178348     23369          76906

2012-2023年各因素相关支出总和 (单位: 万元)
============================================================
人均生产总值相关支出: 4,727,163.00
常住人口相关支出: 5,184,123.00
城镇化率相关支出: 1,995,547.00
人口密度相关支出: 2,613,508.00
森林覆盖率相关支出: 2,698,316.00
城镇生活污水集中处理率相关支出: 2,427,884.00
PM2.5相关支出: 432,337.00
NO₂相关支出: 432,337.00
SO₂相关支出: 432,337.00
地表水达标率相关支出: 2,698,316.00
水资源总量相关支出: 2,265,979.00
每万元GDP水耗相关支出: 2,698,316.00
人均用水量相关支出: 2,265,979.00
人均耕地面积相关支出: 2,265,979.00
游客数量相关支出: 351,080.00
交通指数相关支出: 657,434.00
环境指数相关支出: 432,337.00
海南省A级景区数量相关支出: 351,080.00

2012-2023年各因素相关支出年均值 (单位: 万元)
============================================================
人均生产总值相关支出: 393,930.25
常住人口相关支出: 432,010.25
城镇化率相关支出: 166,295.58
人口密度相关支出: 217,792.33
森林覆盖率相关支出: 224,859.67
城镇生活污水集中处理率相关支出: 202,323.67
PM2.5相关支出: 36,028.08
NO₂相关支出: 36,028.08
SO₂相关支出: 36,028.08
地表水达标率相关支出: 224,859.67
水资源总量相关支出: 188,831.58
每万元GDP水耗相关支出: 224,859.67
人均用水量相关支出: 188,831.58
人均耕地面积相关支出: 188,831.58
游客数量相关支出: 29,256.67
交通指数相关支出: 54,786.17
环境指数相关支出: 36,028.08
海南省A级景区数量相关支出: 29,256.67

2012-2023年基础支出项目表 (单位: 万元)
====================================================================================================
  年份   教育支出   科技支出  文化旅游支出  社会保障支出  卫生健康支出  节能环保支出  城乡社区支出  农林水支出  交通运输支出  公共安全支出
2012 217256      0       0       0       0       0       0 107959       0       0
2013 242341      0       0       0       0       0       0 121514       0       0
2014 272361      0       0       0       0       0       0 142347       0       0
2015 326709      0       0       0       0       0       0 186756       0       0
2016 354461      0       0       0       0       0       0 207543       0       0
2017 359020      0       0       0       0       0       0 174101       0       0
2018 211224  31157   40522  106247   97812   79319  265651 198377   41749   96495
2019 224140 142459   70144  127419  118827   84052  319610 217614   74169  102928
2020 237056 150320   83741  131611  178314   85419  321167 225877  116066  103398
2021 242306 158545   43985  133521  121186   85767  431935 226579   98431  101781
2022 246753 180290   35782  147190  343425   74411  439851 228361  148671  107144
2023 267415 205916   76906  218326  259203   23369  217333 228951  178348  106215