


 原始数据:
    城市建成区绿化覆盖率  城市建成区绿地率  人均公共绿地面积（㎡）  森林覆盖率  地表水达标率  城镇生活污水集中处理率
0         45.3      41.6         19.0   68.0    90.0         84.5
1         45.3      41.6         19.0   68.0    90.0         85.4
2         40.0      36.5         15.9   68.0    90.9         86.0
3         43.0      39.8         13.0   68.0    91.7         87.4
4         43.0      39.6         15.4   69.0    91.7         89.8
5         41.1      37.9         14.2   69.0    91.7         83.0
6         41.1      33.7         12.4   69.0    91.7         91.8
7         42.3      38.1         13.9   69.0    83.3        100.0
8         42.3      39.0         16.3   70.0    90.9        100.0
9         42.3      39.0         16.3   70.1    81.8        100.0
10        42.3      39.0         17.2   70.1   100.0        100.0

数据形状: (11, 6)

Z-score标准化后的数据:
[[ 1.77511978  1.35664739  1.57512306 -1.13347328 -0.07452774 -1.05998804]
 [ 1.77511978  1.35664739  1.57512306 -1.13347328 -0.07452774 -0.92613751]
 [-1.64037472 -1.03668338  0.09952701 -1.13347328  0.12488431 -0.83690382]
 [ 0.29292406  0.51194241 -1.2808693  -1.13347328  0.30213947 -0.62869188]
 [ 0.29292406  0.4180863  -0.13847236  0.08889986  0.30213947 -0.27175714]
 [-0.9314985  -0.37969062 -0.70967083  0.08889986  0.30213947 -1.28307225]
 [-0.9314985  -2.3506689  -1.56646854  0.08889986  0.30213947  0.02568849]
 [-0.15817899 -0.28583451 -0.85247045  0.08889986 -1.55903967  1.24521554]
 [-0.15817899  0.13651798  0.2899265   1.31127301  0.12488431  1.24521554]
 [-0.15817899  0.13651798  0.2899265   1.43351032 -1.89139309  1.24521554]
 [-0.15817899  0.13651798  0.71832535  1.43351032  2.14116172  1.24521554]]

主因素突出算法结果 (E1):
[0.         0.11887751 0.99698714 0.82678898 0.94175694 0.96538947
 0.93485415 0.9598507  0.9378754  1.         0.77709177]

==================================================
熵权法计算
==================================================
各指标信息熵:
  城市建成区绿化覆盖率: 0.910917
  城市建成区绿地率: 0.944560
  人均公共绿地面积（㎡）: 0.896613
  森林覆盖率: 0.784427
  地表水达标率: 0.922084
  城镇生活污水集中处理率: 0.855630

熵权法权重:
  城市建成区绿化覆盖率: 0.129903 (12.99%)
  城市建成区绿地率: 0.080844 (8.08%)
  人均公共绿地面积（㎡）: 0.150760 (15.08%)
  森林覆盖率: 0.314352 (31.44%)
  地表水达标率: 0.113618 (11.36%)
  城镇生活污水集中处理率: 0.210523 (21.05%)

熵权法综合得分 (E2):
  第1年: 0.372323
  第2年: 0.377141
  第3年: 0.215463
  第4年: 0.248963
  第5年: 0.478040
  第6年: 0.357870
  第7年: 0.410660
  第8年: 0.528531
  第9年: 0.770815
  第10年: 0.724073
  第11年: 0.825300

==================================================
CRITIC法计算
==================================================
CRITIC法权重:
  城市建成区绿化覆盖率: 0.128950 (12.90%)
  城市建成区绿地率: 0.122604 (12.26%)
  人均公共绿地面积（㎡）: 0.161000 (16.10%)
  森林覆盖率: 0.208405 (20.84%)
  地表水达标率: 0.169815 (16.98%)
  城镇生活污水集中处理率: 0.209226 (20.92%)

CRITIC法综合得分 (E3):
  第1年: 0.459095
  第2年: 0.466026
  第3年: 0.287572
  第4年: 0.338910
  第5年: 0.497143
  第6年: 0.347463
  第7年: 0.383756
  第8年: 0.506105
  第9年: 0.707971
  第10年: 0.619253
  第11年: 0.798583

==================================================
方法对比
==================================================
            指标     熵权法权重  CRITIC法权重      权重差异
0   城市建成区绿化覆盖率  0.129903   0.128950  0.000952
1     城市建成区绿地率  0.080844   0.122604  0.041760
2  人均公共绿地面积（㎡）  0.150760   0.161000  0.010239
3        森林覆盖率  0.314352   0.208405  0.105947
4       地表水达标率  0.113618   0.169815  0.056197
5  城镇生活污水集中处理率  0.210523   0.209226  0.001297

权重排名相关性: 0.7714 (p-value: 0.0724)

最终环境指数结果:
      年份   主因素突出算法     熵权法得分  CRITIC法得分
0   2013  0.000000  0.372323   0.459095
1   2014  0.118878  0.377141   0.466026
2   2015  0.996987  0.215463   0.287572
3   2016  0.826789  0.248963   0.338910
4   2017  0.941757  0.478040   0.497143
5   2018  0.965389  0.357870   0.347463
6   2019  0.934854  0.410660   0.383756
7   2020  0.959851  0.528531   0.506105
8   2021  0.937875  0.770815   0.707971
9   2022  1.000000  0.724073   0.619253
10  2023  0.777092  0.825300   0.798583